29 21 (158, 18372, 175, 18761, 2176, 3181, 1295, 4114, 29)
29 42 (158, 18372, 175, 18761, 2176, 3181, 1295, 4114, 29)
29 161 (158, 18372, 175, 18761, 2176, 3181, 1295, 4114, 29)
29 103 (158, 18372, 175, 18761, 2176, 3181, 1295, 4114, 29)
29 55 (158, 18372, 175, 18761, 2176, 3181, 1295, 4114, 29)
29 316 (158, 18372, 175, 18761, 2176, 3181, 1295, 4114, 29)
29 759 (158, 18372, 175, 18761, 2176, 3181, 1295, 4114, 29)
29 95 (158, 18372, 175, 18761, 2176, 3181, 1295, 4114, 29)
29 178 (158, 18372, 175, 18761, 2176, 3181, 1295, 4114, 29)
29 764 (158, 18372, 175, 18761, 2176, 3181, 1295, 4114, 29)
2171 2176 (2171, 428719, 69, 158, 18372, 175)
2171 160232 (2171, 428719, 69, 158, 18372, 175)
2171 24602 (2171, 428719, 69, 158, 18372, 175)
2171 55 (2171, 428719, 69, 158, 18372, 175)
2171 315 (2171, 428719, 69, 158, 18372, 175)
2171 42 (2171, 428719, 69, 158, 18372, 175)
2171 13 (2171, 428719, 69, 158, 18372, 175)
2171 29 (2171, 428719, 69, 158, 18372, 175)
2171 316 (2171, 428719, 69, 158, 18372, 175)
2171 21 (2171, 428719, 69, 158, 18372, 175)
2176 2171 (69, 158, 18372, 175, 18761, 29, 14503, 1295, 4114)
2176 24602 (69, 158, 18372, 175, 18761, 29, 14503, 1295, 4114)
2176 160232 (69, 158, 18372, 175, 18761, 29, 14503, 1295, 4114)
2176 42 (69, 158, 18372, 175, 18761, 29, 14503, 1295, 4114)
2176 55 (69, 158, 18372, 175, 18761, 29, 14503, 1295, 4114)
2176 11008 (69, 158, 18372, 175, 18761, 29, 14503, 1295, 4114)
2176 21 (69, 158, 18372, 175, 18761, 29, 14503, 1295, 4114)
2176 1029 (69, 158, 18372, 175, 18761, 29, 14503, 1295, 4114)
2176 29 (69, 158, 18372, 175, 18761, 29, 14503, 1295, 4114)
2176 161 (69, 158, 18372, 175, 18761, 29, 14503, 1295, 4114)
69 1643 (2171, 428719, 69, 158, 18372, 175, 18761, 2176)
69 55 (2171, 428719, 69, 158, 18372, 175, 18761, 2176)
69 42 (2171, 428719, 69, 158, 18372, 175, 18761, 2176)
69 276 (2171, 428719, 69, 158, 18372, 175, 18761, 2176)
69 21 (2171, 428719, 69, 158, 18372, 175, 18761, 2176)
69 161 (2171, 428719, 69, 158, 18372, 175, 18761, 2176)
69 764 (2171, 428719, 69, 158, 18372, 175, 18761, 2176)
69 29 (2171, 428719, 69, 158, 18372, 175, 18761, 2176)
69 1044 (2171, 428719, 69, 158, 18372, 175, 18761, 2176)
69 54 (2171, 428719, 69, 158, 18372, 175, 18761, 2176)
175 501 (2171, 428719, 69, 158, 18372, 18761, 29, 3181, 14503)
175 1618 (2171, 428719, 69, 158, 18372, 18761, 29, 3181, 14503)
175 1044 (2171, 428719, 69, 158, 18372, 18761, 29, 3181, 14503)
175 38 (2171, 428719, 69, 158, 18372, 18761, 29, 3181, 14503)
175 249 (2171, 428719, 69, 158, 18372, 18761, 29, 3181, 14503)
175 276 (2171, 428719, 69, 158, 18372, 18761, 29, 3181, 14503)
175 2285 (2171, 428719, 69, 158, 18372, 18761, 29, 3181, 14503)
175 1462 (2171, 428719, 69, 158, 18372, 18761, 29, 3181, 14503)
175 161 (2171, 428719, 69, 158, 18372, 18761, 29, 3181, 14503)
175 1115 (2171, 428719, 69, 158, 18372, 18761, 29, 3181, 14503)
200 2941 (3181, 14503, 1295, 4114, 29, 135, 29, 8137, 712)
200 13068 (3181, 14503, 1295, 4114, 29, 135, 29, 8137, 712)
200 4357 (3181, 14503, 1295, 4114, 29, 135, 29, 8137, 712)
200 35079 (3181, 14503, 1295, 4114, 29, 135, 29, 8137, 712)
200 331638 (3181, 14503, 1295, 4114, 29, 135, 29, 8137, 712)
200 38075 (3181, 14503, 1295, 4114, 29, 135, 29, 8137, 712)
200 41174 (3181, 14503, 1295, 4114, 29, 135, 29, 8137, 712)
200 755 (3181, 14503, 1295, 4114, 29, 135, 29, 8137, 712)
200 49110 (3181, 14503, 1295, 4114, 29, 135, 29, 8137, 712)
200 204198 (3181, 14503, 1295, 4114, 29, 135, 29, 8137, 712)
3181 3603 (18372, 175, 18761, 2176, 29, 14503, 4114, 29, 200)
3181 1680 (18372, 175, 18761, 2176, 29, 14503, 4114, 29, 200)
3181 1405 (18372, 175, 18761, 2176, 29, 14503, 4114, 29, 200)
3181 764 (18372, 175, 18761, 2176, 29, 14503, 4114, 29, 200)
3181 1115 (18372, 175, 18761, 2176, 29, 14503, 4114, 29, 200)
3181 2476 (18372, 175, 18761, 2176, 29, 14503, 4114, 29, 200)
3181 276 (18372, 175, 18761, 2176, 29, 14503, 4114, 29, 200)
3181 4437 (18372, 175, 18761, 2176, 29, 14503, 4114, 29, 200)
3181 501 (18372, 175, 18761, 2176, 29, 14503, 4114, 29, 200)
3181 487 (18372, 175, 18761, 2176, 29, 14503, 4114, 29, 200)
4114 93832 (2176, 29, 3181, 14503, 1295, 29, 135, 16201, 29)
4114 27099 (2176, 29, 3181, 14503, 1295, 29, 135, 16201, 29)
4114 4438 (2176, 29, 3181, 14503, 1295, 29, 135, 16201, 29)
4114 4852 (2176, 29, 3181, 14503, 1295, 29, 135, 16201, 29)
4114 36235 (2176, 29, 3181, 14503, 1295, 29, 135, 16201, 29)
4114 174112 (2176, 29, 3181, 14503, 1295, 29, 135, 16201, 29)
4114 333686 (2176, 29, 3181, 14503, 1295, 29, 135, 16201, 29)
4114 176175 (2176, 29, 3181, 14503, 1295, 29, 135, 16201, 29)
4114 63907 (2176, 29, 3181, 14503, 1295, 29, 135, 16201, 29)
4114 32076 (2176, 29, 3181, 14503, 1295, 29, 135, 16201, 29)
135 4850 (14503, 1295, 4114, 29, 200, 16201, 8137, 712, 3840)
135 122694 (14503, 1295, 4114, 29, 200, 16201, 8137, 712, 3840)
135 7488 (14503, 1295, 4114, 29, 200, 16201, 8137, 712, 3840)
135 57605 (14503, 1295, 4114, 29, 200, 16201, 8137, 712, 3840)
135 7960 (14503, 1295, 4114, 29, 200, 16201, 8137, 712, 3840)
135 1468 (14503, 1295, 4114, 29, 200, 16201, 8137, 712, 3840)
135 180617 (14503, 1295, 4114, 29, 200, 16201, 8137, 712, 3840)
135 343724 (14503, 1295, 4114, 29, 200, 16201, 8137, 712, 3840)
135 12972 (14503, 1295, 4114, 29, 200, 16201, 8137, 712, 3840)
135 186535 (14503, 1295, 4114, 29, 200, 16201, 8137, 712, 3840)
158 491278 (2171, 428719, 69, 158, 18372, 175, 18761, 2176, 29)
158 20059 (2171, 428719, 69, 158, 18372, 175, 18761, 2176, 29)
158 349161 (2171, 428719, 69, 158, 18372, 175, 18761, 2176, 29)
158 352061 (2171, 428719, 69, 158, 18372, 175, 18761, 2176, 29)
158 347713 (2171, 428719, 69, 158, 18372, 175, 18761, 2176, 29)
158 31660 (2171, 428719, 69, 158, 18372, 175, 18761, 2176, 29)
158 6526 (2171, 428719, 69, 158, 18372, 175, 18761, 2176, 29)
158 211455 (2171, 428719, 69, 158, 18372, 175, 18761, 2176, 29)
158 428719 (2171, 428719, 69, 158, 18372, 175, 18761, 2176, 29)
158 157918 (2171, 428719, 69, 158, 18372, 175, 18761, 2176, 29)
1295 20431 (18761, 2176, 29, 3181, 14503, 4114, 200, 135, 16201)
1295 4340 (18761, 2176, 29, 3181, 14503, 4114, 200, 135, 16201)
1295 24887 (18761, 2176, 29, 3181, 14503, 4114, 200, 135, 16201)
1295 3232 (18761, 2176, 29, 3181, 14503, 4114, 200, 135, 16201)
1295 3211 (18761, 2176, 29, 3181, 14503, 4114, 200, 135, 16201)
1295 451811 (18761, 2176, 29, 3181, 14503, 4114, 200, 135, 16201)
1295 2727 (18761, 2176, 29, 3181, 14503, 4114, 200, 135, 16201)
1295 420941 (18761, 2176, 29, 3181, 14503, 4114, 200, 135, 16201)
1295 2861 (18761, 2176, 29, 3181, 14503, 4114, 200, 135, 16201)
1295 51540 (18761, 2176, 29, 3181, 14503, 4114, 200, 135, 16201)
3840 2952 (135, 16201, 29, 8137, 712, 20705, 29)
3840 2865 (135, 16201, 29, 8137, 712, 20705, 29)
3840 2927 (135, 16201, 29, 8137, 712, 20705, 29)
3840 12653 (135, 16201, 29, 8137, 712, 20705, 29)
3840 8498 (135, 16201, 29, 8137, 712, 20705, 29)
3840 17224 (135, 16201, 29, 8137, 712, 20705, 29)
3840 30610 (135, 16201, 29, 8137, 712, 20705, 29)
3840 1783 (135, 16201, 29, 8137, 712, 20705, 29)
3840 24174 (135, 16201, 29, 8137, 712, 20705, 29)
3840 45509 (135, 16201, 29, 8137, 712, 20705, 29)
7167 1829 (29, 8137, 712, 3840, 20705, 29)
7167 139326 (29, 8137, 712, 3840, 20705, 29)
7167 46343 (29, 8137, 712, 3840, 20705, 29)
7167 151872 (29, 8137, 712, 3840, 20705, 29)
7167 86980 (29, 8137, 712, 3840, 20705, 29)
7167 19103 (29, 8137, 712, 3840, 20705, 29)
7167 94734 (29, 8137, 712, 3840, 20705, 29)
7167 59943 (29, 8137, 712, 3840, 20705, 29)
7167 54345 (29, 8137, 712, 3840, 20705, 29)
7167 712 (29, 8137, 712, 3840, 20705, 29)
8137 90800 (29, 200, 135, 16201, 29, 712, 20705, 7167, 29)
8137 409069 (29, 200, 135, 16201, 29, 712, 20705, 7167, 29)
8137 100608 (29, 200, 135, 16201, 29, 712, 20705, 7167, 29)
8137 145955 (29, 200, 135, 16201, 29, 712, 20705, 7167, 29)
8137 7698 (29, 200, 135, 16201, 29, 712, 20705, 7167, 29)
8137 394200 (29, 200, 135, 16201, 29, 712, 20705, 7167, 29)
8137 216550 (29, 200, 135, 16201, 29, 712, 20705, 7167, 29)
8137 363113 (29, 200, 135, 16201, 29, 712, 20705, 7167, 29)
8137 435478 (29, 200, 135, 16201, 29, 712, 20705, 7167, 29)
8137 305948 (29, 200, 135, 16201, 29, 712, 20705, 7167, 29)
712 29242 (200, 135, 16201, 29, 8137, 3840, 7167, 29)
712 2735 (200, 135, 16201, 29, 8137, 3840, 7167, 29)
712 487 (200, 135, 16201, 29, 8137, 3840, 7167, 29)
712 7662 (200, 135, 16201, 29, 8137, 3840, 7167, 29)
712 5704 (200, 135, 16201, 29, 8137, 3840, 7167, 29)
712 1055 (200, 135, 16201, 29, 8137, 3840, 7167, 29)
712 25024 (200, 135, 16201, 29, 8137, 3840, 7167, 29)
712 4038 (200, 135, 16201, 29, 8137, 3840, 7167, 29)
712 837 (200, 135, 16201, 29, 8137, 3840, 7167, 29)
712 278 (200, 135, 16201, 29, 8137, 3840, 7167, 29)
18372 69036 (2171, 428719, 69, 158, 18372, 175, 18761, 2176, 29, 3181)
18372 99265 (2171, 428719, 69, 158, 18372, 175, 18761, 2176, 29, 3181)
18372 7219 (2171, 428719, 69, 158, 18372, 175, 18761, 2176, 29, 3181)
18372 19552 (2171, 428719, 69, 158, 18372, 175, 18761, 2176, 29, 3181)
18372 28876 (2171, 428719, 69, 158, 18372, 175, 18761, 2176, 29, 3181)
18372 470237 (2171, 428719, 69, 158, 18372, 175, 18761, 2176, 29, 3181)
18372 50328 (2171, 428719, 69, 158, 18372, 175, 18761, 2176, 29, 3181)
18372 39669 (2171, 428719, 69, 158, 18372, 175, 18761, 2176, 29, 3181)
18372 455261 (2171, 428719, 69, 158, 18372, 175, 18761, 2176, 29, 3181)
18372 34798 (2171, 428719, 69, 158, 18372, 175, 18761, 2176, 29, 3181)
20705 329763 (16201, 29, 8137, 712, 3840, 7167)
20705 199479 (16201, 29, 8137, 712, 3840, 7167)
20705 257203 (16201, 29, 8137, 712, 3840, 7167)
20705 27943 (16201, 29, 8137, 712, 3840, 7167)
20705 283481 (16201, 29, 8137, 712, 3840, 7167)
20705 187329 (16201, 29, 8137, 712, 3840, 7167)
20705 311517 (16201, 29, 8137, 712, 3840, 7167)
20705 474268 (16201, 29, 8137, 712, 3840, 7167)
20705 466716 (16201, 29, 8137, 712, 3840, 7167)
20705 428908 (16201, 29, 8137, 712, 3840, 7167)
14503 2000 (175, 18761, 2176, 29, 3181, 1295, 29, 200, 135)
14503 35549 (175, 18761, 2176, 29, 3181, 1295, 29, 200, 135)
14503 5150 (175, 18761, 2176, 29, 3181, 1295, 29, 200, 135)
14503 5130 (175, 18761, 2176, 29, 3181, 1295, 29, 200, 135)
14503 3199 (175, 18761, 2176, 29, 3181, 1295, 29, 200, 135)
14503 125218 (175, 18761, 2176, 29, 3181, 1295, 29, 200, 135)
14503 43020 (175, 18761, 2176, 29, 3181, 1295, 29, 200, 135)
14503 32171 (175, 18761, 2176, 29, 3181, 1295, 29, 200, 135)
14503 23766 (175, 18761, 2176, 29, 3181, 1295, 29, 200, 135)
14503 40628 (175, 18761, 2176, 29, 3181, 1295, 29, 200, 135)
16201 23034 (1295, 4114, 29, 200, 135, 29, 712, 3840, 20705)
16201 159147 (1295, 4114, 29, 200, 135, 29, 712, 3840, 20705)
16201 50476 (1295, 4114, 29, 200, 135, 29, 712, 3840, 20705)
16201 81693 (1295, 4114, 29, 200, 135, 29, 712, 3840, 20705)
16201 17529 (1295, 4114, 29, 200, 135, 29, 712, 3840, 20705)
16201 34085 (1295, 4114, 29, 200, 135, 29, 712, 3840, 20705)
16201 25265 (1295, 4114, 29, 200, 135, 29, 712, 3840, 20705)
16201 9121 (1295, 4114, 29, 200, 135, 29, 712, 3840, 20705)
16201 406583 (1295, 4114, 29, 200, 135, 29, 712, 3840, 20705)
16201 295952 (1295, 4114, 29, 200, 135, 29, 712, 3840, 20705)
29 21 (46378, 260578, 21, 6568, 2161, 46378, 4076, 37, 4)
29 42 (46378, 260578, 21, 6568, 2161, 46378, 4076, 37, 4)
29 161 (46378, 260578, 21, 6568, 2161, 46378, 4076, 37, 4)
29 103 (46378, 260578, 21, 6568, 2161, 46378, 4076, 37, 4)
29 55 (46378, 260578, 21, 6568, 2161, 46378, 4076, 37, 4)
29 316 (46378, 260578, 21, 6568, 2161, 46378, 4076, 37, 4)
29 759 (46378, 260578, 21, 6568, 2161, 46378, 4076, 37, 4)
29 95 (46378, 260578, 21, 6568, 2161, 46378, 4076, 37, 4)
29 178 (46378, 260578, 21, 6568, 2161, 46378, 4076, 37, 4)
29 764 (46378, 260578, 21, 6568, 2161, 46378, 4076, 37, 4)
21 29 (39774, 55, 103, 46378, 260578, 6568, 29, 46378, 21)
21 42 (39774, 55, 103, 46378, 260578, 6568, 29, 46378, 21)
21 55 (39774, 55, 103, 46378, 260578, 6568, 29, 46378, 21)
21 161 (39774, 55, 103, 46378, 260578, 6568, 29, 46378, 21)
21 178 (39774, 55, 103, 46378, 260578, 6568, 29, 46378, 21)
21 759 (39774, 55, 103, 46378, 260578, 6568, 29, 46378, 21)
21 103 (39774, 55, 103, 46378, 260578, 6568, 29, 46378, 21)
21 501 (39774, 55, 103, 46378, 260578, 6568, 29, 46378, 21)
21 69 (39774, 55, 103, 46378, 260578, 6568, 29, 46378, 21)
21 316 (39774, 55, 103, 46378, 260578, 6568, 29, 46378, 21)
42 21 (103, 1278, 486, 4034, 505, 39774, 103, 46378, 260578)
42 29 (103, 1278, 486, 4034, 505, 39774, 103, 46378, 260578)
42 161 (103, 1278, 486, 4034, 505, 39774, 103, 46378, 260578)
42 759 (103, 1278, 486, 4034, 505, 39774, 103, 46378, 260578)
42 55 (103, 1278, 486, 4034, 505, 39774, 103, 46378, 260578)
42 276 (103, 1278, 486, 4034, 505, 39774, 103, 46378, 260578)
42 764 (103, 1278, 486, 4034, 505, 39774, 103, 46378, 260578)
42 24 (103, 1278, 486, 4034, 505, 39774, 103, 46378, 260578)
42 2176 (103, 1278, 486, 4034, 505, 39774, 103, 46378, 260578)
42 178 (103, 1278, 486, 4034, 505, 39774, 103, 46378, 260578)
103 29 (454, 175, 482, 103, 1278, 486, 4034, 505, 42)
103 21 (454, 175, 482, 103, 1278, 486, 4034, 505, 42)
103 161 (454, 175, 482, 103, 1278, 486, 4034, 505, 42)
103 218 (454, 175, 482, 103, 1278, 486, 4034, 505, 42)
103 486 (454, 175, 482, 103, 1278, 486, 4034, 505, 42)
103 316 (454, 175, 482, 103, 1278, 486, 4034, 505, 42)
103 146 (454, 175, 482, 103, 1278, 486, 4034, 505, 42)
103 95 (454, 175, 482, 103, 1278, 486, 4034, 505, 42)
103 42 (454, 175, 482, 103, 1278, 486, 4034, 505, 42)
103 1475 (454, 175, 482, 103, 1278, 486, 4034, 505, 42)
55 21 (486, 4034, 505, 42, 39774, 103, 260578, 21, 6568)
55 501 (486, 4034, 505, 42, 39774, 103, 260578, 21, 6568)
55 29 (486, 4034, 505, 42, 39774, 103, 260578, 21, 6568)
55 42 (486, 4034, 505, 42, 39774, 103, 260578, 21, 6568)
55 54 (486, 4034, 505, 42, 39774, 103, 260578, 21, 6568)
55 161 (486, 4034, 505, 42, 39774, 103, 260578, 21, 6568)
55 2171 (486, 4034, 505, 42, 39774, 103, 260578, 21, 6568)
55 69 (486, 4034, 505, 42, 39774, 103, 260578, 21, 6568)
55 65017 (486, 4034, 505, 42, 39774, 103, 260578, 21, 6568)
55 1944 (486, 4034, 505, 42, 39774, 103, 260578, 21, 6568)
2171 2176 (21, 4076, 37, 4, 395, 28808)
2171 160232 (21, 4076, 37, 4, 395, 28808)
2171 24602 (21, 4076, 37, 4, 395, 28808)
2171 55 (21, 4076, 37, 4, 395, 28808)
2171 315 (21, 4076, 37, 4, 395, 28808)
2171 42 (21, 4076, 37, 4, 395, 28808)
2171 13 (21, 4076, 37, 4, 395, 28808)
2171 29 (21, 4076, 37, 4, 395, 28808)
2171 316 (21, 4076, 37, 4, 395, 28808)
2171 21 (21, 4076, 37, 4, 395, 28808)
4 773 (29, 46378, 21, 4076, 37, 395, 28808)
4 454 (29, 46378, 21, 4076, 37, 395, 28808)
4 827 (29, 46378, 21, 4076, 37, 395, 28808)
4 21898 (29, 46378, 21, 4076, 37, 395, 28808)
4 38 (29, 46378, 21, 4076, 37, 395, 28808)
4 103 (29, 46378, 21, 4076, 37, 395, 28808)
4 2476 (29, 46378, 21, 4076, 37, 395, 28808)
4 374 (29, 46378, 21, 4076, 37, 395, 28808)
4 208 (29, 46378, 21, 4076, 37, 395, 28808)
4 161 (29, 46378, 21, 4076, 37, 395, 28808)
175 501 (454, 175, 482, 103, 1278, 486, 4034)
175 1618 (454, 175, 482, 103, 1278, 486, 4034)
175 1044 (454, 175, 482, 103, 1278, 486, 4034)
175 38 (454, 175, 482, 103, 1278, 486, 4034)
175 249 (454, 175, 482, 103, 1278, 486, 4034)
175 276 (454, 175, 482, 103, 1278, 486, 4034)
175 2285 (454, 175, 482, 103, 1278, 486, 4034)
175 1462 (454, 175, 482, 103, 1278, 486, 4034)
175 161 (454, 175, 482, 103, 1278, 486, 4034)
175 1115 (454, 175, 482, 103, 1278, 486, 4034)
486 103 (454, 175, 482, 103, 1278, 4034, 42, 39774, 55)
486 161 (454, 175, 482, 103, 1278, 4034, 42, 39774, 55)
486 24 (454, 175, 482, 103, 1278, 4034, 42, 39774, 55)
486 95 (454, 175, 482, 103, 1278, 4034, 42, 39774, 55)
486 21 (454, 175, 482, 103, 1278, 4034, 42, 39774, 55)
486 29 (454, 175, 482, 103, 1278, 4034, 42, 39774, 55)
486 218 (454, 175, 482, 103, 1278, 4034, 42, 39774, 55)
486 374 (454, 175, 482, 103, 1278, 4034, 42, 39774, 55)
486 42 (454, 175, 482, 103, 1278, 4034, 42, 39774, 55)
486 25 (454, 175, 482, 103, 1278, 4034, 42, 39774, 55)
454 386 (454, 175, 482, 103, 1278, 486)
454 773 (454, 175, 482, 103, 1278, 486)
454 374 (454, 175, 482, 103, 1278, 486)
454 215 (454, 175, 482, 103, 1278, 486)
454 2476 (454, 175, 482, 103, 1278, 486)
454 345 (454, 175, 482, 103, 1278, 486)
454 276 (454, 175, 482, 103, 1278, 486)
454 161 (454, 175, 482, 103, 1278, 486)
454 4 (454, 175, 482, 103, 1278, 486)
454 42 (454, 175, 482, 103, 1278, 486)
1278 1287 (454, 175, 482, 103, 1278, 486, 4034, 505, 42, 39774)
1278 956 (454, 175, 482, 103, 1278, 486, 4034, 505, 42, 39774)
1278 148252 (454, 175, 482, 103, 1278, 486, 4034, 505, 42, 39774)
1278 95789 (454, 175, 482, 103, 1278, 486, 4034, 505, 42, 39774)
1278 31804 (454, 175, 482, 103, 1278, 486, 4034, 505, 42, 39774)
1278 1686 (454, 175, 482, 103, 1278, 486, 4034, 505, 42, 39774)
1278 106124 (454, 175, 482, 103, 1278, 486, 4034, 505, 42, 39774)
1278 36945 (454, 175, 482, 103, 1278, 486, 4034, 505, 42, 39774)
1278 51606 (454, 175, 482, 103, 1278, 486, 4034, 505, 42, 39774)
1278 55492 (454, 175, 482, 103, 1278, 486, 4034, 505, 42, 39774)
2161 36473 (103, 46378, 260578, 21, 6568, 29, 21, 4076, 37)
2161 172263 (103, 46378, 260578, 21, 6568, 29, 21, 4076, 37)
2161 11824 (103, 46378, 260578, 21, 6568, 29, 21, 4076, 37)
2161 70950 (103, 46378, 260578, 21, 6568, 29, 21, 4076, 37)
2161 397875 (103, 46378, 260578, 21, 6568, 29, 21, 4076, 37)
2161 1385 (103, 46378, 260578, 21, 6568, 29, 21, 4076, 37)
2161 85669 (103, 46378, 260578, 21, 6568, 29, 21, 4076, 37)
2161 48584 (103, 46378, 260578, 21, 6568, 29, 21, 4076, 37)
2161 162632 (103, 46378, 260578, 21, 6568, 29, 21, 4076, 37)
2161 212819 (103, 46378, 260578, 21, 6568, 29, 21, 4076, 37)
482 96206 (454, 175, 482, 103, 1278, 486, 4034, 505)
482 1992 (454, 175, 482, 103, 1278, 486, 4034, 505)
482 263 (454, 175, 482, 103, 1278, 486, 4034, 505)
482 414364 (454, 175, 482, 103, 1278, 486, 4034, 505)
482 13493 (454, 175, 482, 103, 1278, 486, 4034, 505)
482 5566 (454, 175, 482, 103, 1278, 486, 4034, 505)
482 536 (454, 175, 482, 103, 1278, 486, 4034, 505)
482 350 (454, 175, 482, 103, 1278, 486, 4034, 505)
482 348806 (454, 175, 482, 103, 1278, 486, 4034, 505)
482 5400 (454, 175, 482, 103, 1278, 486, 4034, 505)
37 89 (2161, 29, 46378, 21, 4076, 4, 2171, 28808)
37 474 (2161, 29, 46378, 21, 4076, 4, 2171, 28808)
37 30 (2161, 29, 46378, 21, 4076, 4, 2171, 28808)
37 1060 (2161, 29, 46378, 21, 4076, 4, 2171, 28808)
37 7324 (2161, 29, 46378, 21, 4076, 4, 2171, 28808)
37 16154 (2161, 29, 46378, 21, 4076, 4, 2171, 28808)
37 6824 (2161, 29, 46378, 21, 4076, 4, 2171, 28808)
37 1967 (2161, 29, 46378, 21, 4076, 4, 2171, 28808)
37 1968 (2161, 29, 46378, 21, 4076, 4, 2171, 28808)
37 2837 (2161, 29, 46378, 21, 4076, 4, 2171, 28808)
4034 384 (175, 482, 103, 1278, 486, 505, 39774, 55, 103)
4034 11162 (175, 482, 103, 1278, 486, 505, 39774, 55, 103)
4034 785 (175, 482, 103, 1278, 486, 505, 39774, 55, 103)
4034 18027 (175, 482, 103, 1278, 486, 505, 39774, 55, 103)
4034 326798 (175, 482, 103, 1278, 486, 505, 39774, 55, 103)
4034 47 (175, 482, 103, 1278, 486, 505, 39774, 55, 103)
4034 5047 (175, 482, 103, 1278, 486, 505, 39774, 55, 103)
4034 294 (175, 482, 103, 1278, 486, 505, 39774, 55, 103)
4034 2348 (175, 482, 103, 1278, 486, 505, 39774, 55, 103)
4034 3296 (175, 482, 103, 1278, 486, 505, 39774, 55, 103)
395 6693 (46378, 21, 4076, 37, 4, 2171)
395 12636 (46378, 21, 4076, 37, 4, 2171)
395 50769 (46378, 21, 4076, 37, 4, 2171)
395 324540 (46378, 21, 4076, 37, 4, 2171)
395 11081 (46378, 21, 4076, 37, 4, 2171)
395 84314 (46378, 21, 4076, 37, 4, 2171)
395 23365 (46378, 21, 4076, 37, 4, 2171)
395 415225 (46378, 21, 4076, 37, 4, 2171)
395 32273 (46378, 21, 4076, 37, 4, 2171)
395 8323 (46378, 21, 4076, 37, 4, 2171)
46378 79872 (505, 42, 39774, 55, 103, 260578, 6568, 2161, 29)
46378 82173 (505, 42, 39774, 55, 103, 260578, 6568, 2161, 29)
46378 106202 (505, 42, 39774, 55, 103, 260578, 6568, 2161, 29)
46378 397263 (505, 42, 39774, 55, 103, 260578, 6568, 2161, 29)
46378 197926 (505, 42, 39774, 55, 103, 260578, 6568, 2161, 29)
46378 56725 (505, 42, 39774, 55, 103, 260578, 6568, 2161, 29)
46378 171997 (505, 42, 39774, 55, 103, 260578, 6568, 2161, 29)
46378 171546 (505, 42, 39774, 55, 103, 260578, 6568, 2161, 29)
46378 122066 (505, 42, 39774, 55, 103, 260578, 6568, 2161, 29)
46378 444759 (505, 42, 39774, 55, 103, 260578, 6568, 2161, 29)
4076 6927 (6568, 2161, 29, 46378, 21, 37, 395, 2171, 28808)
4076 20881 (6568, 2161, 29, 46378, 21, 37, 395, 2171, 28808)
4076 4030 (6568, 2161, 29, 46378, 21, 37, 395, 2171, 28808)
4076 360479 (6568, 2161, 29, 46378, 21, 37, 395, 2171, 28808)
4076 192679 (6568, 2161, 29, 46378, 21, 37, 395, 2171, 28808)
4076 82116 (6568, 2161, 29, 46378, 21, 37, 395, 2171, 28808)
4076 7332 (6568, 2161, 29, 46378, 21, 37, 395, 2171, 28808)
4076 3211 (6568, 2161, 29, 46378, 21, 37, 395, 2171, 28808)
4076 359422 (6568, 2161, 29, 46378, 21, 37, 395, 2171, 28808)
4076 439512 (6568, 2161, 29, 46378, 21, 37, 395, 2171, 28808)
6568 23965 (55, 103, 46378, 260578, 21, 2161, 46378, 21, 4076)
6568 16761 (55, 103, 46378, 260578, 21, 2161, 46378, 21, 4076)
6568 104108 (55, 103, 46378, 260578, 21, 2161, 46378, 21, 4076)
6568 439464 (55, 103, 46378, 260578, 21, 2161, 46378, 21, 4076)
6568 435820 (55, 103, 46378, 260578, 21, 2161, 46378, 21, 4076)
6568 392404 (55, 103, 46378, 260578, 21, 2161, 46378, 21, 4076)
6568 464004 (55, 103, 46378, 260578, 21, 2161, 46378, 21, 4076)
6568 471386 (55, 103, 46378, 260578, 21, 2161, 46378, 21, 4076)
6568 5143 (55, 103, 46378, 260578, 21, 2161, 46378, 21, 4076)
6568 309789 (55, 103, 46378, 260578, 21, 2161, 46378, 21, 4076)
39774 1167 (1278, 486, 4034, 505, 42, 55, 46378, 260578, 21)
39774 685 (1278, 486, 4034, 505, 42, 55, 46378, 260578, 21)
39774 9065 (1278, 486, 4034, 505, 42, 55, 46378, 260578, 21)
39774 5758 (1278, 486, 4034, 505, 42, 55, 46378, 260578, 21)
39774 11501 (1278, 486, 4034, 505, 42, 55, 46378, 260578, 21)
39774 49687 (1278, 486, 4034, 505, 42, 55, 46378, 260578, 21)
39774 54583 (1278, 486, 4034, 505, 42, 55, 46378, 260578, 21)
39774 6959 (1278, 486, 4034, 505, 42, 55, 46378, 260578, 21)
39774 4038 (1278, 486, 4034, 505, 42, 55, 46378, 260578, 21)
39774 5693 (1278, 486, 4034, 505, 42, 55, 46378, 260578, 21)
505 16351 (482, 103, 1278, 486, 4034, 42, 55, 103, 46378)
505 18536 (482, 103, 1278, 486, 4034, 42, 55, 103, 46378)
505 14639 (482, 103, 1278, 486, 4034, 42, 55, 103, 46378)
505 25474 (482, 103, 1278, 486, 4034, 42, 55, 103, 46378)
505 3784 (482, 103, 1278, 486, 4034, 42, 55, 103, 46378)
505 87754 (482, 103, 1278, 486, 4034, 42, 55, 103, 46378)
505 27769 (482, 103, 1278, 486, 4034, 42, 55, 103, 46378)
505 58636 (482, 103, 1278, 486, 4034, 42, 55, 103, 46378)
505 151102 (482, 103, 1278, 486, 4034, 42, 55, 103, 46378)
505 82996 (482, 103, 1278, 486, 4034, 42, 55, 103, 46378)
28808 9793 (4076, 37, 4, 395, 2171)
28808 45882 (4076, 37, 4, 395, 2171)
28808 121915 (4076, 37, 4, 395, 2171)
28808 8087 (4076, 37, 4, 395, 2171)
28808 34678 (4076, 37, 4, 395, 2171)
28808 192679 (4076, 37, 4, 395, 2171)
28808 4068 (4076, 37, 4, 395, 2171)
28808 181496 (4076, 37, 4, 395, 2171)
28808 309129 (4076, 37, 4, 395, 2171)
28808 392136 (4076, 37, 4, 395, 2171)
29 21 (9300, 2176, 29, 2325, 1278, 1295, 4044, 6009)
29 42 (9300, 2176, 29, 2325, 1278, 1295, 4044, 6009)
29 161 (9300, 2176, 29, 2325, 1278, 1295, 4044, 6009)
29 103 (9300, 2176, 29, 2325, 1278, 1295, 4044, 6009)
29 55 (9300, 2176, 29, 2325, 1278, 1295, 4044, 6009)
29 316 (9300, 2176, 29, 2325, 1278, 1295, 4044, 6009)
29 759 (9300, 2176, 29, 2325, 1278, 1295, 4044, 6009)
29 95 (9300, 2176, 29, 2325, 1278, 1295, 4044, 6009)
29 178 (9300, 2176, 29, 2325, 1278, 1295, 4044, 6009)
29 764 (9300, 2176, 29, 2325, 1278, 1295, 4044, 6009)
42 21 (1295, 4044, 6009, 175, 24290, 20923, 43002, 10855, 20923)
42 29 (1295, 4044, 6009, 175, 24290, 20923, 43002, 10855, 20923)
42 161 (1295, 4044, 6009, 175, 24290, 20923, 43002, 10855, 20923)
42 759 (1295, 4044, 6009, 175, 24290, 20923, 43002, 10855, 20923)
42 55 (1295, 4044, 6009, 175, 24290, 20923, 43002, 10855, 20923)
42 276 (1295, 4044, 6009, 175, 24290, 20923, 43002, 10855, 20923)
42 764 (1295, 4044, 6009, 175, 24290, 20923, 43002, 10855, 20923)
42 24 (1295, 4044, 6009, 175, 24290, 20923, 43002, 10855, 20923)
42 2176 (1295, 4044, 6009, 175, 24290, 20923, 43002, 10855, 20923)
42 178 (1295, 4044, 6009, 175, 24290, 20923, 43002, 10855, 20923)
2176 2171 (9300, 2176, 29, 2325, 1278, 1295, 4044)
2176 24602 (9300, 2176, 29, 2325, 1278, 1295, 4044)
2176 160232 (9300, 2176, 29, 2325, 1278, 1295, 4044)
2176 42 (9300, 2176, 29, 2325, 1278, 1295, 4044)
2176 55 (9300, 2176, 29, 2325, 1278, 1295, 4044)
2176 11008 (9300, 2176, 29, 2325, 1278, 1295, 4044)
2176 21 (9300, 2176, 29, 2325, 1278, 1295, 4044)
2176 1029 (9300, 2176, 29, 2325, 1278, 1295, 4044)
2176 29 (9300, 2176, 29, 2325, 1278, 1295, 4044)
2176 161 (9300, 2176, 29, 2325, 1278, 1295, 4044)
175 501 (2325, 1278, 1295, 4044, 6009, 24290, 20923, 4604, 43002)
175 1618 (2325, 1278, 1295, 4044, 6009, 24290, 20923, 4604, 43002)
175 1044 (2325, 1278, 1295, 4044, 6009, 24290, 20923, 4604, 43002)
175 38 (2325, 1278, 1295, 4044, 6009, 24290, 20923, 4604, 43002)
175 249 (2325, 1278, 1295, 4044, 6009, 24290, 20923, 4604, 43002)
175 276 (2325, 1278, 1295, 4044, 6009, 24290, 20923, 4604, 43002)
175 2285 (2325, 1278, 1295, 4044, 6009, 24290, 20923, 4604, 43002)
175 1462 (2325, 1278, 1295, 4044, 6009, 24290, 20923, 4604, 43002)
175 161 (2325, 1278, 1295, 4044, 6009, 24290, 20923, 4604, 43002)
175 1115 (2325, 1278, 1295, 4044, 6009, 24290, 20923, 4604, 43002)
1278 1287 (9300, 2176, 29, 2325, 1278, 1295, 4044, 6009, 175, 24290)
1278 956 (9300, 2176, 29, 2325, 1278, 1295, 4044, 6009, 175, 24290)
1278 148252 (9300, 2176, 29, 2325, 1278, 1295, 4044, 6009, 175, 24290)
1278 95789 (9300, 2176, 29, 2325, 1278, 1295, 4044, 6009, 175, 24290)
1278 31804 (9300, 2176, 29, 2325, 1278, 1295, 4044, 6009, 175, 24290)
1278 1686 (9300, 2176, 29, 2325, 1278, 1295, 4044, 6009, 175, 24290)
1278 106124 (9300, 2176, 29, 2325, 1278, 1295, 4044, 6009, 175, 24290)
1278 36945 (9300, 2176, 29, 2325, 1278, 1295, 4044, 6009, 175, 24290)
1278 51606 (9300, 2176, 29, 2325, 1278, 1295, 4044, 6009, 175, 24290)
1278 55492 (9300, 2176, 29, 2325, 1278, 1295, 4044, 6009, 175, 24290)
10855 38944 (24290, 42, 20923, 4604, 43002, 20923, 43002, 10855)
10855 36125 (24290, 42, 20923, 4604, 43002, 20923, 43002, 10855)
10855 1294 (24290, 42, 20923, 4604, 43002, 20923, 43002, 10855)
10855 443003 (24290, 42, 20923, 4604, 43002, 20923, 43002, 10855)
10855 276805 (24290, 42, 20923, 4604, 43002, 20923, 43002, 10855)
10855 189865 (24290, 42, 20923, 4604, 43002, 20923, 43002, 10855)
10855 159813 (24290, 42, 20923, 4604, 43002, 20923, 43002, 10855)
10855 49114 (24290, 42, 20923, 4604, 43002, 20923, 43002, 10855)
10855 445680 (24290, 42, 20923, 4604, 43002, 20923, 43002, 10855)
10855 406161 (24290, 42, 20923, 4604, 43002, 20923, 43002, 10855)
4604 2299 (6009, 175, 24290, 42, 20923, 43002, 20923, 4604, 43002)
4604 6550 (6009, 175, 24290, 42, 20923, 43002, 20923, 4604, 43002)
4604 51 (6009, 175, 24290, 42, 20923, 43002, 20923, 4604, 43002)
4604 81120 (6009, 175, 24290, 42, 20923, 43002, 20923, 4604, 43002)
4604 35683 (6009, 175, 24290, 42, 20923, 43002, 20923, 4604, 43002)
4604 12561 (6009, 175, 24290, 42, 20923, 43002, 20923, 4604, 43002)
4604 69322 (6009, 175, 24290, 42, 20923, 43002, 20923, 4604, 43002)
4604 1361 (6009, 175, 24290, 42, 20923, 43002, 20923, 4604, 43002)
4604 8920 (6009, 175, 24290, 42, 20923, 43002, 20923, 4604, 43002)
4604 333887 (6009, 175, 24290, 42, 20923, 43002, 20923, 4604, 43002)
20923 318736 (4044, 6009, 175, 24290, 42, 4604, 10855, 20923, 4604)
20923 430684 (4044, 6009, 175, 24290, 42, 4604, 10855, 20923, 4604)
20923 29873 (4044, 6009, 175, 24290, 42, 4604, 10855, 20923, 4604)
20923 133974 (4044, 6009, 175, 24290, 42, 4604, 10855, 20923, 4604)
20923 384187 (4044, 6009, 175, 24290, 42, 4604, 10855, 20923, 4604)
20923 373345 (4044, 6009, 175, 24290, 42, 4604, 10855, 20923, 4604)
20923 43002 (4044, 6009, 175, 24290, 42, 4604, 10855, 20923, 4604)
20923 282612 (4044, 6009, 175, 24290, 42, 4604, 10855, 20923, 4604)
20923 455989 (4044, 6009, 175, 24290, 42, 4604, 10855, 20923, 4604)
20923 463029 (4044, 6009, 175, 24290, 42, 4604, 10855, 20923, 4604)
43002 482445 (175, 24290, 42, 20923, 4604, 10855, 4604, 43002, 10855)
43002 482375 (175, 24290, 42, 20923, 4604, 10855, 4604, 43002, 10855)
43002 252994 (175, 24290, 42, 20923, 4604, 10855, 4604, 43002, 10855)
43002 456406 (175, 24290, 42, 20923, 4604, 10855, 4604, 43002, 10855)
43002 459035 (175, 24290, 42, 20923, 4604, 10855, 4604, 43002, 10855)
43002 20923 (175, 24290, 42, 20923, 4604, 10855, 4604, 43002, 10855)
43002 316269 (175, 24290, 42, 20923, 4604, 10855, 4604, 43002, 10855)
43002 377809 (175, 24290, 42, 20923, 4604, 10855, 4604, 43002, 10855)
43002 342885 (175, 24290, 42, 20923, 4604, 10855, 4604, 43002, 10855)
43002 31764 (175, 24290, 4